product, path, volume
0, (18553, 11582, 10045, 10380), 1.0
1, (16319, 18553, 11582, 10380), 22.0
1, (16319, 10380), 90.0
2, (11582, 18553), 200.0
3, (11178, 16319), 71.0
4, (18553, 16319, 13505), 39.0
5, (18655, 16319), 200.0
6, (11582, 10045, 19555), 20.0
7, (18553, 11582, 10045, 11178), 2.0
8, (11582, 10045), 1.0
9, (11582, 10045, 11178), 1.0
10, (18553, 11582, 10045, 19555), 57.0
11, (18553, 16319), 47.0
12, (18553, 11582), 15.0
13, (16319, 18553, 11582, 10045, 19555), 1.0
14, (11582, 10380, 13505), 26.0
15, (18553, 11582, 10045), 1.0
16, (11582, 10380), 105.0
17, (16319, 11178), 57.0
18, (18553, 11582, 10045, 10380, 18655), 1.0
19, (13505, 18655, 16319), 62.0
20, (16319, 18553), 51.0
21, (16319, 13505), 63.0
22, (16319, 10045), 51.0
23, (16319, 18553, 11582), 19.0
24, (10045, 18553, 16319), 1.0
25, (16319, 13505, 18655), 28.0
25, (16319, 18553, 11582, 10380, 18655), 2.0

edge, vehicle_count
(18553, 16319), 1.0
(18553, 11582), 2.0
(16319, 18553), 2.0
(16319, 11178), 1.0
(16319, 13505), 2.0
(16319, 10045), 1.0
(16319, 10380), 1.0
(11582, 18553), 3.0
(11582, 10045), 1.0
(11582, 10380), 2.0
(11178, 16319), 1.0
(18655, 16319), 3.0
(13505, 18655), 1.0
(10045, 18553), 1.0
(10045, 11178), 1.0
(10045, 10380), 1.0
(10045, 19555), 1.0
(10380, 18655), 1.0
(10380, 13505), 1.0

Result: 1306052070.5944

Solution time: 0.09806513786315918
