product, path, volume
0, (14762, 10757, 11177, 13502), 1.0
1, (19545, 13009, 18935), 16.99999999999541
1, (19545, 16313, 18935), 90.00000000000459
1, (19545, 18935), 180.0
2, (13009, 18935, 10575), 4.0000000000143885
2, (13009, 10575), 270.0
2, (13009, 18647, 10575), 25.99999999998561
3, (16313, 18935), 122.0
4, (18935, 10575, 11484, 11581), 1.0
5, (10045, 11484), 270.0000000000003
5, (10045, 10575, 11484), 18.0000000000008
5, (10045, 18647, 11484), 11.999999999999027
6, (18249, 16313, 13009), 1.0
7, (19545, 10757, 11177), 1.0
8, (16313, 12398), 1.0
9, (13502, 10045, 13009), 9.08202805889736e-13
9, (13502, 19545, 13009), 1.0
10, (19545, 10757), 67.0
11, (13502, 10379), 28.0
12, (18249, 18545, 11177), 1.0
13, (11484, 10575, 19545), 1.0
14, (13009, 18249, 13502), 1.0
14, (13009, 11177, 13502), 3.2417909755675e-13
15, (19545, 13502, 14762), 1.0
16, (13502, 12398), 261.0
16, (13502, 18647, 12398), 7.389644451905042e-13
17, (10045, 10575), 69.0
18, (19545, 14412, 11581), 1.0
19, (10305, 11581, 11177, 13502), 88.0
20, (18249, 18545), 43.0
21, (13009, 18647), 32.0
21, (13009, 12398, 18647), 59.0
22, (18935, 13009), 45.0
23, (13502, 10379, 11484, 11581), 2.273736754432323e-13
23, (13502, 19545, 18647, 14412, 11581), 1.0
24, (19545, 18647, 11484), 1.0
25, (18249, 16313, 19545), 1.0
26, (18545, 13502, 10045), 56.0
26, (18545, 10045), 180.0
27, (18935, 19545), 259.0
28, (10045, 16313, 13502), 1.0
29, (19545, 13009, 18249), 30.00000000000024
29, (19545, 18249), 270.0
30, (13502, 19545), 168.0
31, (13009, 12398), 300.0
32, (19545, 13502, 10379), 119.99999999999169
32, (19545, 10379), 180.0
32, (19545, 16313, 10379), 8.045522637981446e-14
33, (16313, 18249, 18545), 1.0
34, (10305, 11581), 300.0
35, (13502, 18647, 11177), 1.0
36, (18249, 16313, 12398), 1.0
37, (16313, 13009, 18249), 17.000000000011223
37, (16313, 18935, 18249), 13.999999999988777
37, (16313, 18249), 269.0
38, (18935, 18249), 300.0
39, (19545, 13009), 300.0
40, (16313, 18935, 11484, 11581), 178.99999999999756
40, (16313, 19545, 14412, 11581), 62.00000000000246
40, (16313, 12398, 14412, 11581), 59.0
41, (14412, 10045), 300.0
42, (13502, 18647, 11484), 1.0
43, (11177, 13502), 270.99999999999966
43, (11177, 18545, 13502), 29.000000000000323
44, (13009, 18249), 1.0
45, (10045, 18647), 300.0
46, (18935, 10379, 11177), 175.00000000000537
46, (18935, 19545, 18647, 11177), 0.9999999999815117
46, (18935, 10757, 11177), 5.000000000011028
46, (18935, 12398, 18647, 11177), 1.7053025658242404e-13
46, (18935, 11177), 90.0
47, (16313, 18935, 10575), 0.9999999999983089
47, (16313, 10575), 90.00000000000169
48, (19545, 10575), 300.0
49, (18935, 19545, 18647), 1.000000000000091
50, (19545, 12398), 4.34933339343857e-12
50, (19545, 18647, 12398), 1.0
51, (10045, 19545), 63.0
52, (18249, 10757, 11581), 1.0
53, (13009, 18249, 18545), 1.0
54, (18935, 10379), 39.0
55, (16313, 18935, 19545, 18647), 0.9999999999993208
55, (16313, 19545, 18647), 103.99999999999619
55, (16313, 18647), 59.999999999998124
55, (16313, 12398, 18647), 28.000000000006164
56, (18935, 18249, 18545), 1.0
57, (18935, 18249, 10757), 35.00000000001103
57, (18935, 10757), 264.999999999989
58, (13009, 18249, 10757), 1.0
59, (19545, 14412), 1.0
60, (13009, 18647, 11177), 32.00000000001439
60, (13009, 11177), 179.0
61, (18249, 13502), 237.0
62, (13009, 10045), 300.0
63, (19545, 18647), 43.0
64, (13502, 10575), 90.0
64, (13502, 19545, 10575), 10.000000000000057
64, (13502, 18647, 10575), 19.00000000000012
65, (11581, 10305), 188.0
66, (19545, 13009, 10045), 1.0
67, (16313, 13502, 10379), 22.000000000008107
67, (16313, 10045, 10379), 2.0000000000006777
67, (16313, 13009, 10379), 5.999999999991214
67, (16313, 10379), 270.0
68, (16313, 19545, 14412), 1.0
69, (13009, 10045, 14762), 1.0000000000002842
70, (13009, 18935), 1.0
71, (18249, 13502, 10379), 1.0
72, (10045, 10379, 11177), 4.999999999994616
72, (10045, 18545, 11177), 66.0000000000029
72, (10045, 18647, 11177), 9.000000000005043
72, (10045, 11177), 104.99999999999754
73, (16313, 13009), 1.0
74, (13502, 14762), 1.0
75, (13502, 14762, 10757), 0.9999999999994742
75, (13502, 18249, 10757), 5.258016244624741e-13
76, (19545, 13502), 146.0
77, (16313, 18935, 11484), 1.815658734471981e-12
77, (16313, 12398, 18647, 11484), 0.9999999999981843
78, (16313, 10045, 14762, 10757), 178.0000000000005
78, (16313, 13009, 18249, 10757), 121.99999999999947
79, (13502, 18249, 18545), 30.999999999999986
79, (13502, 18935, 18249, 18545), 1.000000000000008
79, (13502, 18545), 90.0
80, (13009, 11177, 11581), 1.0
81, (16313, 10045, 19545), 17.999999999998476
81, (16313, 19545), 282.00000000000153
82, (10045, 10757), 1.0
83, (18935, 14762, 12398), 1.9628743075372586e-13
83, (18935, 19545, 18647, 12398), 7.0
83, (18935, 12398), 90.0
84, (18647, 14412, 10045), 1.0
85, (13009, 10379), 58.0
86, (18249, 16313, 18935), 1.0
87, (18935, 10575), 300.0
87, (18935, 12398, 18647, 10575), 2.8721469647052633e-13
88, (10379, 13502), 270.00000000000034
88, (10379, 16313, 13502), 29.999999999999677
89, (10045, 10379, 11484, 11581), 9.003908729709906e-14
89, (10045, 19545, 14412, 11581), 8.000000000001524
89, (10045, 18647, 14412, 11581), 37.999999999995936
89, (10045, 10757, 11581), 179.0
89, (10045, 11177, 11581), 75.00000000000246
90, (13502, 19545, 18647), 6.169879422184145e-13
90, (13502, 18647), 300.0
91, (13502, 18647, 14412), 1.0
92, (10045, 13009, 18249, 18545), 6.0000000000028955
92, (10045, 18545), 293.9999999999971
93, (13009, 12398, 14412), 1.0
94, (13502, 10045), 1.0
95, (19545, 18545), 270.0
95, (19545, 18647, 11177, 18545), 16.99999999999698
95, (19545, 10757, 11177, 18545), 13.00000000000302
96, (16313, 10045, 14762), 1.0
97, (12398, 14412, 10045), 30.0
97, (12398, 10045), 270.0
98, (10045, 13009), 300.0
99, (18545, 13502), 1.0
100, (10045, 13009, 18249), 1.0
101, (10045, 18647, 12398), 1.0
102, (13009, 11484), 163.0
103, (10045, 10379), 253.0
104, (18249, 10045), 270.0
104, (18249, 16313, 10045), 30.0
105, (10045, 16313, 18935), 1.0
106, (10379, 10045), 90.0
106, (10379, 16313, 10045), 5.0
107, (13502, 18249), 239.0
108, (10045, 14762), 300.0
109, (10045, 19545, 14412), 1.0
110, (16313, 10575, 11177), 179.99999999999804
110, (16313, 18545, 11177), 90.0
110, (16313, 18647, 11177), 30.000000000001876
111, (13502, 18935), 300.0
112, (18935, 11484), 1.0
113, (10575, 19545), 108.0
114, (18935, 14762), 201.0

edge, vehicle_count
(14762, 10757), 2.0
(19545, 13009), 4.0
(19545, 16313), 1.0
(19545, 18935), 2.0
(19545, 18249), 3.0
(19545, 13502), 3.0
(19545, 18545), 3.0
(19545, 14412), 1.0
(19545, 18647), 2.0
(19545, 10379), 2.0
(19545, 10575), 4.0
(19545, 10757), 1.0
(13009, 18935), 1.0
(13009, 10045), 4.0
(13009, 18249), 2.0
(13009, 11484), 2.0
(13009, 11177), 2.0
(13009, 18647), 1.0
(13009, 10379), 1.0
(13009, 12398), 4.0
(13009, 10575), 3.0
(16313, 19545), 5.0
(16313, 13009), 2.0
(16313, 18935), 5.0
(16313, 10045), 3.0
(16313, 18249), 3.0
(16313, 13502), 1.0
(16313, 18545), 1.0
(16313, 18647), 1.0
(16313, 10379), 3.0
(16313, 12398), 1.0
(16313, 10575), 3.0
(18935, 14762), 3.0
(18935, 19545), 3.0
(18935, 13009), 1.0
(18935, 18249), 4.0
(18935, 11484), 2.0
(18935, 11177), 1.0
(18935, 10379), 3.0
(18935, 12398), 1.0
(18935, 10575), 4.0
(18935, 10757), 3.0
(10045, 14762), 6.0
(10045, 19545), 1.0
(10045, 13009), 4.0
(10045, 16313), 1.0
(10045, 11484), 3.0
(10045, 18545), 4.0
(10045, 11177), 2.0
(10045, 18647), 4.0
(10045, 10379), 3.0
(10045, 10575), 1.0
(10045, 10757), 2.0
(18249, 16313), 1.0
(18249, 10045), 3.0
(18249, 13502), 3.0
(18249, 18545), 1.0
(18249, 10757), 2.0
(13502, 14762), 1.0
(13502, 19545), 2.0
(13502, 18935), 4.0
(13502, 10045), 1.0
(13502, 18249), 3.0
(13502, 18545), 1.0
(13502, 18647), 4.0
(13502, 10379), 2.0
(13502, 12398), 3.0
(13502, 10575), 1.0
(11484, 11581), 2.0
(11484, 10575), 1.0
(10305, 11581), 5.0
(18545, 10045), 2.0
(18545, 13502), 1.0
(18545, 11177), 2.0
(14412, 10045), 4.0
(14412, 11581), 2.0
(11177, 13502), 4.0
(11177, 18545), 1.0
(11177, 11581), 1.0
(11581, 10305), 3.0
(11581, 11177), 1.0
(18647, 11484), 1.0
(18647, 14412), 1.0
(18647, 11177), 1.0
(18647, 12398), 1.0
(18647, 10575), 1.0
(10379, 16313), 1.0
(10379, 10045), 1.0
(10379, 13502), 3.0
(10379, 11177), 2.0
(12398, 10045), 3.0
(12398, 14412), 1.0
(12398, 18647), 1.0
(10575, 19545), 2.0
(10575, 11484), 1.0
(10575, 11177), 2.0
(10757, 11177), 1.0
(10757, 11581), 2.0

Result: 20663885156.31459

Solution time: 7271.241077661514
